{"ind" :["ind1","ind2","ind3","ind4","ind5","ind6","ind7","ind8","ind9","ind10","ind11","ind12","ind13","ind14","ind15","ind16","ind17","ind18","ind19","ind20","ind21","ind22","ind23","ind24","ind25","ind26","ind27","ind28","ind29","ind30","ind31","ind32","ind33","ind34","ind35","ind36","ind37","ind38","ind39","ind40","ind41","ind42","ind43","ind44","ind45","ind46","ind47","ind48","ind49","ind50","ind51","ind52","ind53","ind54","ind55","ind56","ind57","ind58","ind59","ind60","ind61","ind62","ind63","ind64","ind65","ind66","ind67","ind68","ind69","ind70","ind71","ind72","ind73","ind74","ind75","ind76","ind77","ind78","ind79","ind80","ind81","ind82","ind83","ind84","ind85","ind86","ind87","ind88","ind89","ind90","ind91","ind92","ind93","ind94","ind95","ind96","ind97","ind98","ind99","ind100","ind101","ind102","ind103","ind104","ind105","ind106","ind107","ind108","ind109","ind110","ind111","ind112","ind113","ind114","ind115","ind116","ind117","ind118","ind119","ind120","ind121","ind122","ind123","ind124","ind125","ind126","ind127","ind128","ind129","ind130","ind131","ind132","ind133","ind134","ind135","ind136","ind137","ind138","ind139","ind140","ind141","ind142","ind143","ind144","ind145","ind146","ind147","ind148","ind149","ind150","ind151","ind152","ind153","ind154","ind155","ind156","ind157","ind158","ind159","ind160","ind161","ind162","ind163","ind164","ind165","ind166","ind167","ind168","ind169","ind170","ind171","ind172","ind173","ind174","ind175","ind176","ind177","ind178","ind179","ind180","ind181","ind182","ind183","ind184","ind185","ind186","ind187","ind188","ind189","ind190","ind191","ind192","ind193","ind194","ind195","ind196","ind197","ind198","ind199","ind200"],"var" :["gene26","gene37","gene14","gene5","gene19","gene7","gene31","gene2","gene21","gene15","gene32","gene36","gene20","gene39","gene9","gene22","gene27","gene3","gene16","gene6","gene13","gene11","gene25","gene23","gene1","gene29","gene10","gene40","gene30","gene12","gene17","gene24","gene8","gene35","gene38","gene4","gene34","gene18","gene28","gene33"],"corr" :[[1,0.783460155343984,0.671752515008015,0.713529313685867,0.708165404001269,0.646383450598928,0.680415073721838,0.52546514515448,0.504977691402004,0.803670442173784,0.792682161049155,0.769612431964939,0.780057419268532,0.776043272034472,0.772834685991985,0.749859513466892,0.756105334467719,0.753752417901123,0.750569159431639,0.794718575616113,0.785673830986951,0.810712036405401,0.758326986725502,-0.191902312573061,-0.0669388456136833,-0.237955002009637,-0.331976985427587,-0.359057930567004,-0.380815708854462,-0.441643823551264,-0.41185718493411,-0.62747405548588,-0.624919700637285,-0.640893857359956,-0.571182628836991,-0.59402050001678,-0.596696350335198,-0.58895623687895,-0.601160746809505,-0.57516329477375],[0.783460155343984,1,0.715231459225056,0.766367012890705,0.752307441542245,0.677983647029073,0.698411981900684,0.521556179481823,0.546023415522825,0.817081756445881,0.815730265329938,0.807747669926141,0.816302167295498,0.79932828029199,0.787256531035958,0.79071337050617,0.789487249722226,0.799373520057243,0.796565728646477,0.818942717439843,0.797104856192135,0.825770790887202,0.805824406281805,-0.182306804658412,-0.10440388656893,-0.202524414257783,-0.340710052129775,-0.379690330538225,-0.382662417838547,-0.472781832879383,-0.408649620075507,-0.630130943057722,-0.648837429595715,-0.665593838962538,-0.581484455565815,-0.598633668458239,-0.6172726567728,-0.603373773002339,-0.572643038753529,-0.58189302326327],[0.671752515008015,0.715231459225056,1,0.686973816726531,0.650364271873588,0.617793166175871,0.619167282720225,0.459788085979791,0.483266270144181,0.775277439842376,0.793217747809233,0.762839607612837,0.788671718864435,0.776511794819291,0.715482803668953,0.754961599220422,0.727520784956417,0.767267141922419,0.744549207704202,0.778863867712316,0.761825079556914,0.789514407503186,0.755295054136172,-0.263272173710224,-0.177425923700938,-0.217012580086674,-0.387389614158821,-0.442707162293354,-0.430495056108297,-0.489681634748105,-0.480595639693985,-0.658374455721094,-0.621112317496516,-0.677393254224162,-0.605870132589263,-0.5952639256404,-0.643636233771225,-0.623036672439558,-0.637064656008648,-0.633347455643335],[0.713529313685867,0.766367012890705,0.686973816726531,1,0.699610437679296,0.652906598978423,0.711899078786533,0.537038370162744,0.544833745875328,0.74020398837656,0.76976126516857,0.742194893806463,0.765525245722751,0.743379095038499,0.734862038210872,0.702320401302627,0.697773110142054,0.765115601767929,0.733495602300635,0.764265780339832,0.743727732803511,0.754443828170488,0.72047759387445,-0.0938144032691929,-0.0303573511828197,-0.172988927930982,-0.316332840097272,-0.290036359655809,-0.313696854483735,-0.403139894388263,-0.338520704638979,-0.571475228875299,-0.56581472026635,-0.588372271396165,-0.513497614992207,-0.537518649740578,-0.514635246991925,-0.545580493364792,-0.498966495894447,-0.505290392652809],[0.708165404001269,0.752307441542245,0.650364271873588,0.699610437679296,1,0.595748190753842,0.679605368799506,0.486784859056954,0.523582038669973,0.792139943711211,0.770148060377398,0.759215004293569,0.765821661206992,0.765894035881024,0.738785058347479,0.76368179160288,0.707012479746309,0.739595848176369,0.737328319795605,0.755937438236702,0.732384470129237,0.761160725468263,0.729300101530266,-0.172619207053576,-0.00174092781586766,-0.175040521190078,-0.309012264703897,-0.347981393660396,-0.328725375602591,-0.432597768809232,-0.348004968056514,-0.590804908168811,-0.6066371359518,-0.604289124751665,-0.541822660620738,-0.54954962321796,-0.553270204762935,-0.532693566460343,-0.53813888923766,-0.537883934289722],[0.646383450598928,0.677983647029073,0.617793166175871,0.652906598978423,0.595748190753842,1,0.549098414808421,0.47942918671321,0.510650646193063,0.667926862741223,0.668974141054758,0.661380322147533,0.649440248609527,0.666215146720198,0.65500283231912,0.628815947681835,0.658703696276894,0.690398126976486,0.699235263098444,0.705214359517762,0.672101341939014,0.691021937951691,0.641730644994002,-0.0769973694981335,-0.0152997561377374,-0.11223645520121,-0.218282958235673,-0.261180632850087,-0.222149596138403,-0.365531221251181,-0.261844444343103,-0.434849478189618,-0.478768488103723,-0.519119503096332,-0.422521582691093,-0.470094514618642,-0.449939269300425,-0.449330735469589,-0.442480064597328,-0.418041885280132],[0.680415073721838,0.698411981900684,0.619167282720225,0.711899078786533,0.679605368799506,0.549098414808421,1,0.512277994464696,0.564916365357962,0.686495803489757,0.717658860395516,0.710639509589623,0.708572504973622,0.709237403242715,0.685599048450294,0.6921770345395,0.702236019912584,0.69744263863752,0.687864304769127,0.699125438766766,0.712660437175007,0.720960468790344,0.697333721190182,-0.0292746341640439,0.0576543458693644,-0.108366856414482,-0.144255949135949,-0.215028972952637,-0.225413652096152,-0.324776617870022,-0.303371035532509,-0.47190452617927,-0.471221296260326,-0.497802890076833,-0.411582452741303,-0.474814526885266,-0.435007135549253,-0.449582685722788,-0.439486814698169,-0.427586554740752],[0.52546514515448,0.521556179481823,0.459788085979791,0.537038370162744,0.486784859056954,0.47942918671321,0.512277994464696,1,0.432893127838216,0.493502922072592,0.490264421242901,0.504964694393901,0.483557351034657,0.461589945118081,0.51088072299469,0.512369283318592,0.497599649085821,0.519609654206362,0.475057398967854,0.506259149581659,0.473077281671174,0.552159510109984,0.462437866174145,0.163139978960367,0.190796153722952,0.0521361511097916,-0.0482393645136386,-0.0110248872821741,-0.0364645185858276,-0.143381423169683,-0.0962933519910855,-0.235533061470547,-0.256115979144378,-0.275769072667922,-0.218800685930655,-0.256727545316173,-0.211134446859823,-0.200584072154486,-0.190707250341854,-0.183392735679483],[0.504977691402004,0.546023415522825,0.483266270144181,0.544833745875328,0.523582038669973,0.510650646193063,0.564916365357962,0.432893127838216,1,0.506658925409656,0.544767256942588,0.507601771160689,0.510136247945568,0.508608258107869,0.498135328167146,0.515600276700927,0.461628451224663,0.517521825139048,0.518772161594894,0.499705670563673,0.495873395564512,0.506967125478946,0.461303764017735,0.0992774180368384,0.220530375464761,0.0211855799027392,-0.0211414412843092,-0.072947020425432,-0.00862719954318896,-0.13869716753233,-0.100857587470657,-0.25649199263084,-0.244054901880899,-0.266529800529065,-0.208208538166859,-0.26404552821024,-0.237791021583017,-0.189824108602358,-0.23508796845984,-0.198266082053643],[0.803670442173784,0.817081756445881,0.775277439842376,0.74020398837656,0.792139943711211,0.667926862741223,0.686495803489757,0.493502922072592,0.506658925409656,1,0.896456793031528,0.899967415584239,0.894516399948827,0.904188409896052,0.845146761602068,0.860026124909395,0.836724473086935,0.856115871038037,0.835763210685349,0.87239198845639,0.860661046670352,0.889385360517385,0.885001675756234,-0.339625401141027,-0.242179733634402,-0.40897497944532,-0.542380341888096,-0.568004377926115,-0.57616628796179,-0.652542074759513,-0.589955357030625,-0.803856957912913,-0.828831565292241,-0.8369411880748,-0.767577589965664,-0.791669236630891,-0.798828586011664,-0.763288611384426,-0.785828948719376,-0.784976952780317],[0.792682161049155,0.815730265329938,0.793217747809233,0.76976126516857,0.770148060377398,0.668974141054758,0.717658860395516,0.490264421242901,0.544767256942588,0.896456793031528,1,0.887616328312297,0.900047586576063,0.891687734282724,0.837188838807779,0.850882615680162,0.842790330691995,0.864637559519487,0.851468191112189,0.875654376283212,0.879517962799507,0.903057511220772,0.87084101294545,-0.316049569067218,-0.148724266683006,-0.337561477118599,-0.472891619855427,-0.532572216004928,-0.483827497220646,-0.604516617553473,-0.531264199929792,-0.774748226211062,-0.769027026967179,-0.795942425724507,-0.735239639427927,-0.741098351938812,-0.7397367844278,-0.751594326345352,-0.739942116094032,-0.722807415254567],[0.769612431964939,0.807747669926141,0.762839607612837,0.742194893806463,0.759215004293569,0.661380322147533,0.710639509589623,0.504964694393901,0.507601771160689,0.899967415584239,0.887616328312297,1,0.897763447207698,0.882761418123595,0.832601698916708,0.858590173995424,0.818468892377537,0.834209348131152,0.830175901872537,0.840921278909115,0.867611806780055,0.876608815007706,0.888231632258937,-0.302455879434771,-0.175221987321941,-0.367593444640697,-0.481681651335477,-0.511076772447314,-0.52755046938488,-0.61267883023001,-0.568099529379429,-0.769964317217507,-0.788217056389255,-0.794545644527867,-0.742092383472852,-0.750868273615221,-0.760469359288787,-0.742933736788049,-0.75034883335365,-0.729702055933537],[0.780057419268532,0.816302167295498,0.788671718864435,0.765525245722751,0.765821661206992,0.649440248609527,0.708572504973622,0.483557351034657,0.510136247945568,0.894516399948827,0.900047586576063,0.897763447207698,1,0.902061391140324,0.841928050910155,0.852857073797211,0.822597958119472,0.851298478871136,0.836485942200989,0.856666708252363,0.884204013393258,0.894059405673394,0.869164610508116,-0.354794669670179,-0.189562537518257,-0.350774955234856,-0.483636851004812,-0.545194153284783,-0.56169539726741,-0.616208446222547,-0.561688528011697,-0.79592950402995,-0.796157350431381,-0.822329453056665,-0.760918205782153,-0.771041118275542,-0.78001421891044,-0.754077550662607,-0.775844040336037,-0.750740680293552],[0.776043272034472,0.79932828029199,0.776511794819291,0.743379095038499,0.765894035881024,0.666215146720198,0.709237403242715,0.461589945118081,0.508608258107869,0.904188409896052,0.891687734282724,0.882761418123595,0.902061391140324,1,0.854874978071796,0.849537700155244,0.836095405312064,0.827653523000408,0.828319151389768,0.87018485555628,0.880270775256689,0.878310072528151,0.855071797599611,-0.359568609023359,-0.196366435276043,-0.405129957414064,-0.512721439414355,-0.530498418435025,-0.538876698413036,-0.613974358773658,-0.563158558590549,-0.787685606256093,-0.804107559555373,-0.81009945311926,-0.758931623398472,-0.782114302962843,-0.791934997969433,-0.753392114529896,-0.753148486919918,-0.754340033597865],[0.772834685991985,0.787256531035958,0.715482803668953,0.734862038210872,0.738785058347479,0.65500283231912,0.685599048450294,0.51088072299469,0.498135328167146,0.845146761602068,0.837188838807779,0.832601698916708,0.841928050910155,0.854874978071796,1,0.793956309748249,0.789629546690252,0.812989571530061,0.796062170609789,0.810615221405683,0.80474080068919,0.85753555356971,0.803345143432868,-0.23468402910162,-0.109647754274097,-0.299302140319061,-0.395406342144601,-0.4273840957574,-0.481827250751915,-0.534337967928155,-0.461451202241577,-0.68987290095654,-0.724878451985218,-0.720465890960716,-0.660708470581814,-0.683987786971818,-0.68938926160552,-0.684252290794042,-0.693701962621582,-0.657249856476679],[0.749859513466892,0.79071337050617,0.754961599220422,0.702320401302627,0.76368179160288,0.628815947681835,0.6921770345395,0.512369283318592,0.515600276700927,0.860026124909395,0.850882615680162,0.858590173995424,0.852857073797211,0.849537700155244,0.793956309748249,1,0.82473891596064,0.818059296281975,0.811987591513726,0.823280365476309,0.844393069760847,0.864066127000701,0.847973176519846,-0.248419992485244,-0.142005550522567,-0.287588901728118,-0.391776193543044,-0.459838085505701,-0.454962577039089,-0.520510477094515,-0.5113425595852,-0.723227363079391,-0.727810143864779,-0.728539638431759,-0.674748254517201,-0.689992485245104,-0.705474048804379,-0.677343586714374,-0.692471586031924,-0.693499213475198],[0.756105334467719,0.789487249722226,0.727520784956417,0.697773110142054,0.707012479746309,0.658703696276894,0.702236019912584,0.497599649085821,0.461628451224663,0.836724473086935,0.842790330691995,0.818468892377537,0.822597958119472,0.836095405312064,0.789629546690252,0.82473891596064,1,0.800781285467249,0.803431486616615,0.818421399654167,0.812785632543002,0.839022168420482,0.810595005166376,-0.273954540355263,-0.159489672624972,-0.333764464880055,-0.412064962968744,-0.476435142930488,-0.47362279634362,-0.536429958732814,-0.49087605675172,-0.709952962769715,-0.726523029881448,-0.751927619466446,-0.678858294982131,-0.697059784551374,-0.699502681934573,-0.680332520034751,-0.686136074523479,-0.664879566652077],[0.753752417901123,0.799373520057243,0.767267141922419,0.765115601767929,0.739595848176369,0.690398126976486,0.69744263863752,0.519609654206362,0.517521825139048,0.856115871038037,0.864637559519487,0.834209348131152,0.851298478871136,0.827653523000408,0.812989571530061,0.818059296281975,0.800781285467249,1,0.828440568060092,0.829941644842671,0.836448416247757,0.862256879857523,0.843451160662348,-0.223055669953489,-0.138841332286091,-0.281631962319254,-0.421472595830241,-0.448861775576899,-0.438011518828293,-0.553593802121606,-0.490406597460022,-0.691440997359055,-0.714284705694418,-0.709223853727765,-0.670134536248874,-0.65728943647018,-0.680747189469017,-0.665399154340208,-0.672501451977021,-0.648867563950665],[0.750569159431639,0.796565728646477,0.744549207704202,0.733495602300635,0.737328319795605,0.699235263098444,0.687864304769127,0.475057398967854,0.518772161594894,0.835763210685349,0.851468191112189,0.830175901872537,0.836485942200989,0.828319151389768,0.796062170609789,0.811987591513726,0.803431486616615,0.828440568060092,1,0.836236326654537,0.813723577930902,0.848401828725267,0.833959051885031,-0.225273805012623,-0.10859008472377,-0.264795488521652,-0.394196197635358,-0.409124563593616,-0.398880291672248,-0.519159274284,-0.417595438936873,-0.682885736909702,-0.684890116744368,-0.717796078540599,-0.623213642723961,-0.674136354145625,-0.680234139907156,-0.628894045029102,-0.65227963119256,-0.639522929200622],[0.794718575616113,0.818942717439843,0.778863867712316,0.764265780339832,0.755937438236702,0.705214359517762,0.699125438766766,0.506259149581659,0.499705670563673,0.87239198845639,0.875654376283212,0.840921278909115,0.856666708252363,0.87018485555628,0.810615221405683,0.823280365476309,0.818421399654167,0.829941644842671,0.836236326654537,1,0.843559764824294,0.875288237008516,0.851891007051134,-0.290521130070731,-0.147519174919355,-0.349105463322112,-0.419037399436694,-0.455919942138984,-0.488118865543964,-0.553436674113216,-0.505981464800543,-0.730317074532518,-0.733173611940948,-0.754525568880636,-0.656831072730682,-0.706521089180747,-0.698331602675605,-0.682651443789459,-0.706391046703407,-0.690728034692921],[0.785673830986951,0.797104856192135,0.761825079556914,0.743727732803511,0.732384470129237,0.672101341939014,0.712660437175007,0.473077281671174,0.495873395564512,0.860661046670352,0.879517962799507,0.867611806780055,0.884204013393258,0.880270775256689,0.80474080068919,0.844393069760847,0.812785632543002,0.836448416247757,0.813723577930902,0.843559764824294,1,0.861474326162639,0.848292885304492,-0.297271768374145,-0.158294966441652,-0.3387415065069,-0.452973892542459,-0.526350936102039,-0.509533925636006,-0.577766578475608,-0.567463432843556,-0.773316303057711,-0.778043851477364,-0.793180153766061,-0.714759597290357,-0.737473746774857,-0.728919724371559,-0.732525868164521,-0.743011032747405,-0.72212774059846],[0.810712036405401,0.825770790887202,0.789514407503186,0.754443828170488,0.761160725468263,0.691021937951691,0.720960468790344,0.552159510109984,0.506967125478946,0.889385360517385,0.903057511220772,0.876608815007706,0.894059405673394,0.878310072528151,0.85753555356971,0.864066127000701,0.839022168420482,0.862256879857523,0.848401828725267,0.875288237008516,0.861474326162639,1,0.872215344705126,-0.275619505354757,-0.188207299685142,-0.350452037530721,-0.445431040833605,-0.485193340412543,-0.504982096482722,-0.595406255646779,-0.539120081075676,-0.756442355429294,-0.787514313802597,-0.77565544478965,-0.703886727513681,-0.740940123304786,-0.743587940469337,-0.737515364046068,-0.748954766094487,-0.732877220831483],[0.758326986725502,0.805824406281805,0.755295054136172,0.72047759387445,0.729300101530266,0.641730644994002,0.697333721190182,0.462437866174145,0.461303764017735,0.885001675756234,0.87084101294545,0.888231632258937,0.869164610508116,0.855071797599611,0.803345143432868,0.847973176519846,0.810595005166376,0.843451160662348,0.833959051885031,0.851891007051134,0.848292885304492,0.872215344705126,1,-0.300862232728217,-0.188951729153183,-0.359471211984829,-0.500577325536197,-0.521531316149576,-0.545869909958918,-0.60255949547917,-0.5912115053194,-0.767134057470957,-0.784578409600394,-0.794828142547218,-0.737796958518814,-0.761499838181796,-0.768541880025853,-0.752498264805417,-0.75327504093333,-0.702227373985623],[-0.191902312573061,-0.182306804658412,-0.263272173710224,-0.0938144032691929,-0.172619207053576,-0.0769973694981335,-0.0292746341640439,0.163139978960367,0.0992774180368384,-0.339625401141027,-0.316049569067218,-0.302455879434771,-0.354794669670179,-0.359568609023359,-0.23468402910162,-0.248419992485244,-0.273954540355263,-0.223055669953489,-0.225273805012623,-0.290521130070731,-0.297271768374145,-0.275619505354757,-0.300862232728217,1,0.442032596235716,0.523420013318346,0.417086593753797,0.535429394325454,0.51088344363997,0.499608550401081,0.527389253395922,0.527708484314784,0.52825189401441,0.540649965360721,0.545057009496612,0.532947905150526,0.544526578752772,0.562539395516017,0.584599110310082,0.558115016618304],[-0.0669388456136833,-0.10440388656893,-0.177425923700938,-0.0303573511828197,-0.00174092781586766,-0.0152997561377374,0.0576543458693644,0.190796153722952,0.220530375464761,-0.242179733634402,-0.148724266683006,-0.175221987321941,-0.189562537518257,-0.196366435276043,-0.109647754274097,-0.142005550522567,-0.159489672624972,-0.138841332286091,-0.10859008472377,-0.147519174919355,-0.158294966441652,-0.188207299685142,-0.188951729153183,0.442032596235716,1,0.522127535618546,0.451565952041556,0.494677041144701,0.486887787289662,0.451983801285001,0.477779968801128,0.438991962817025,0.409720692016392,0.434629578190607,0.450094860783779,0.469848936050284,0.428510963632665,0.431052838948889,0.41266501213526,0.463846485527765],[-0.237955002009637,-0.202524414257783,-0.217012580086674,-0.172988927930982,-0.175040521190078,-0.11223645520121,-0.108366856414482,0.0521361511097916,0.0211855799027392,-0.40897497944532,-0.337561477118599,-0.367593444640697,-0.350774955234856,-0.405129957414064,-0.299302140319061,-0.287588901728118,-0.333764464880055,-0.281631962319254,-0.264795488521652,-0.349105463322112,-0.3387415065069,-0.350452037530721,-0.359471211984829,0.523420013318346,0.522127535618546,1,0.529546666900763,0.591593726828659,0.552242182724532,0.543655805006468,0.55564654746097,0.592740681607788,0.597950507929287,0.562342271672766,0.598337251741325,0.651351984396389,0.605529783829341,0.561880737186232,0.61398936180441,0.60979967439198],[-0.331976985427587,-0.340710052129775,-0.387389614158821,-0.316332840097272,-0.309012264703897,-0.218282958235673,-0.144255949135949,-0.0482393645136386,-0.0211414412843092,-0.542380341888096,-0.472891619855427,-0.481681651335477,-0.483636851004812,-0.512721439414355,-0.395406342144601,-0.391776193543044,-0.412064962968744,-0.421472595830241,-0.394196197635358,-0.419037399436694,-0.452973892542459,-0.445431040833605,-0.500577325536197,0.417086593753797,0.451565952041556,0.529546666900763,1,0.694905587376205,0.565331315075502,0.593704212559154,0.65635455960868,0.656023859728976,0.67523002848594,0.655243467569233,0.665539063319623,0.669830012421798,0.657993996657799,0.630415973511332,0.623392158037411,0.67709168922146],[-0.359057930567004,-0.379690330538225,-0.442707162293354,-0.290036359655809,-0.347981393660396,-0.261180632850087,-0.215028972952637,-0.0110248872821741,-0.072947020425432,-0.568004377926115,-0.532572216004928,-0.511076772447314,-0.545194153284783,-0.530498418435025,-0.4273840957574,-0.459838085505701,-0.476435142930488,-0.448861775576899,-0.409124563593616,-0.455919942138984,-0.526350936102039,-0.485193340412543,-0.521531316149576,0.535429394325454,0.494677041144701,0.591593726828659,0.694905587376205,1,0.635232963136968,0.606800634760334,0.657780340757177,0.700056240702328,0.702330586990692,0.716954365065895,0.709448435703177,0.721206913643438,0.729032127031891,0.691066786056599,0.673669132476145,0.712191897650141],[-0.380815708854462,-0.382662417838547,-0.430495056108297,-0.313696854483735,-0.328725375602591,-0.222149596138403,-0.225413652096152,-0.0364645185858276,-0.00862719954318896,-0.57616628796179,-0.483827497220646,-0.52755046938488,-0.56169539726741,-0.538876698413036,-0.481827250751915,-0.454962577039089,-0.47362279634362,-0.438011518828293,-0.398880291672248,-0.488118865543964,-0.509533925636006,-0.504982096482722,-0.545869909958918,0.51088344363997,0.486887787289662,0.552242182724532,0.565331315075502,0.635232963136968,1,0.631501398600156,0.663782702338353,0.715306923089842,0.724535465360061,0.702793806947712,0.691306440799456,0.71920403617892,0.736911184287492,0.700945113815019,0.722449970526271,0.703266515788381],[-0.441643823551264,-0.472781832879383,-0.489681634748105,-0.403139894388263,-0.432597768809232,-0.365531221251181,-0.324776617870022,-0.143381423169683,-0.13869716753233,-0.652542074759513,-0.604516617553473,-0.61267883023001,-0.616208446222547,-0.613974358773658,-0.534337967928155,-0.520510477094515,-0.536429958732814,-0.553593802121606,-0.519159274284,-0.553436674113216,-0.577766578475608,-0.595406255646779,-0.60255949547917,0.499608550401081,0.451983801285001,0.543655805006468,0.593704212559154,0.606800634760334,0.631501398600156,1,0.712164295991093,0.768482444767821,0.756958822590683,0.767856878941115,0.751207069302517,0.754678201677337,0.760273783196339,0.747933161371193,0.745068362187827,0.740492381949355],[-0.41185718493411,-0.408649620075507,-0.480595639693985,-0.338520704638979,-0.348004968056514,-0.261844444343103,-0.303371035532509,-0.0962933519910855,-0.100857587470657,-0.589955357030625,-0.531264199929792,-0.568099529379429,-0.561688528011697,-0.563158558590549,-0.461451202241577,-0.5113425595852,-0.49087605675172,-0.490406597460022,-0.417595438936873,-0.505981464800543,-0.567463432843556,-0.539120081075676,-0.5912115053194,0.527389253395922,0.477779968801128,0.55564654746097,0.65635455960868,0.657780340757177,0.663782702338353,0.712164295991093,1,0.730274797161446,0.745653036803115,0.729548555173533,0.738859971324621,0.764178468983048,0.731499031971383,0.747476182524115,0.745216957910885,0.703270127505078],[-0.62747405548588,-0.630130943057722,-0.658374455721094,-0.571475228875299,-0.590804908168811,-0.434849478189618,-0.47190452617927,-0.235533061470547,-0.25649199263084,-0.803856957912913,-0.774748226211062,-0.769964317217507,-0.79592950402995,-0.787685606256093,-0.68987290095654,-0.723227363079391,-0.709952962769715,-0.691440997359055,-0.682885736909702,-0.730317074532518,-0.773316303057711,-0.756442355429294,-0.767134057470957,0.527708484314784,0.438991962817025,0.592740681607788,0.656023859728976,0.700056240702328,0.715306923089842,0.768482444767821,0.730274797161446,1,0.88667291452649,0.888787917620662,0.876886000907215,0.877528811247891,0.878043402776184,0.860689044313048,0.869583287572958,0.86430815864896],[-0.624919700637285,-0.648837429595715,-0.621112317496516,-0.56581472026635,-0.6066371359518,-0.478768488103723,-0.471221296260326,-0.256115979144378,-0.244054901880899,-0.828831565292241,-0.769027026967179,-0.788217056389255,-0.796157350431381,-0.804107559555373,-0.724878451985218,-0.727810143864779,-0.726523029881448,-0.714284705694418,-0.684890116744368,-0.733173611940948,-0.778043851477364,-0.787514313802597,-0.784578409600394,0.52825189401441,0.409720692016392,0.597950507929287,0.67523002848594,0.702330586990692,0.724535465360061,0.756958822590683,0.745653036803115,0.88667291452649,1,0.896661129368256,0.860172578547462,0.888244992766838,0.885624267992055,0.859061441445018,0.861140173977309,0.865884386192777],[-0.640893857359956,-0.665593838962538,-0.677393254224162,-0.588372271396165,-0.604289124751665,-0.519119503096332,-0.497802890076833,-0.275769072667922,-0.266529800529065,-0.8369411880748,-0.795942425724507,-0.794545644527867,-0.822329453056665,-0.81009945311926,-0.720465890960716,-0.728539638431759,-0.751927619466446,-0.709223853727765,-0.717796078540599,-0.754525568880636,-0.793180153766061,-0.77565544478965,-0.794828142547218,0.540649965360721,0.434629578190607,0.562342271672766,0.655243467569233,0.716954365065895,0.702793806947712,0.767856878941115,0.729548555173533,0.888787917620662,0.896661129368256,1,0.848164380535484,0.875585124500761,0.890113181502419,0.859328474400459,0.858774463425073,0.86495334973776],[-0.571182628836991,-0.581484455565815,-0.605870132589263,-0.513497614992207,-0.541822660620738,-0.422521582691093,-0.411582452741303,-0.218800685930655,-0.208208538166859,-0.767577589965664,-0.735239639427927,-0.742092383472852,-0.760918205782153,-0.758931623398472,-0.660708470581814,-0.674748254517201,-0.678858294982131,-0.670134536248874,-0.623213642723961,-0.656831072730682,-0.714759597290357,-0.703886727513681,-0.737796958518814,0.545057009496612,0.450094860783779,0.598337251741325,0.665539063319623,0.709448435703177,0.691306440799456,0.751207069302517,0.738859971324621,0.876886000907215,0.860172578547462,0.848164380535484,1,0.850182352460502,0.861248633807647,0.83556433237805,0.817745198302141,0.833462111059402],[-0.59402050001678,-0.598633668458239,-0.5952639256404,-0.537518649740578,-0.54954962321796,-0.470094514618642,-0.474814526885266,-0.256727545316173,-0.26404552821024,-0.791669236630891,-0.741098351938812,-0.750868273615221,-0.771041118275542,-0.782114302962843,-0.683987786971818,-0.689992485245104,-0.697059784551374,-0.65728943647018,-0.674136354145625,-0.706521089180747,-0.737473746774857,-0.740940123304786,-0.761499838181796,0.532947905150526,0.469848936050284,0.651351984396389,0.669830012421798,0.721206913643438,0.71920403617892,0.754678201677337,0.764178468983048,0.877528811247891,0.888244992766838,0.875585124500761,0.850182352460502,1,0.875408156771337,0.855636181328646,0.842437440515332,0.853818170151997],[-0.596696350335198,-0.6172726567728,-0.643636233771225,-0.514635246991925,-0.553270204762935,-0.449939269300425,-0.435007135549253,-0.211134446859823,-0.237791021583017,-0.798828586011664,-0.7397367844278,-0.760469359288787,-0.78001421891044,-0.791934997969433,-0.68938926160552,-0.705474048804379,-0.699502681934573,-0.680747189469017,-0.680234139907156,-0.698331602675605,-0.728919724371559,-0.743587940469337,-0.768541880025853,0.544526578752772,0.428510963632665,0.605529783829341,0.657993996657799,0.729032127031891,0.736911184287492,0.760273783196339,0.731499031971383,0.878043402776184,0.885624267992055,0.890113181502419,0.861248633807647,0.875408156771337,1,0.832807284577756,0.862153672839494,0.860407496722561],[-0.58895623687895,-0.603373773002339,-0.623036672439558,-0.545580493364792,-0.532693566460343,-0.449330735469589,-0.449582685722788,-0.200584072154486,-0.189824108602358,-0.763288611384426,-0.751594326345352,-0.742933736788049,-0.754077550662607,-0.753392114529896,-0.684252290794042,-0.677343586714374,-0.680332520034751,-0.665399154340208,-0.628894045029102,-0.682651443789459,-0.732525868164521,-0.737515364046068,-0.752498264805417,0.562539395516017,0.431052838948889,0.561880737186232,0.630415973511332,0.691066786056599,0.700945113815019,0.747933161371193,0.747476182524115,0.860689044313048,0.859061441445018,0.859328474400459,0.83556433237805,0.855636181328646,0.832807284577756,1,0.833007826018601,0.847890882813188],[-0.601160746809505,-0.572643038753529,-0.637064656008648,-0.498966495894447,-0.53813888923766,-0.442480064597328,-0.439486814698169,-0.190707250341854,-0.23508796845984,-0.785828948719376,-0.739942116094032,-0.75034883335365,-0.775844040336037,-0.753148486919918,-0.693701962621582,-0.692471586031924,-0.686136074523479,-0.672501451977021,-0.65227963119256,-0.706391046703407,-0.743011032747405,-0.748954766094487,-0.75327504093333,0.584599110310082,0.41266501213526,0.61398936180441,0.623392158037411,0.673669132476145,0.722449970526271,0.745068362187827,0.745216957910885,0.869583287572958,0.861140173977309,0.858774463425073,0.817745198302141,0.842437440515332,0.862153672839494,0.833007826018601,1,0.850740781714031],[-0.57516329477375,-0.58189302326327,-0.633347455643335,-0.505290392652809,-0.537883934289722,-0.418041885280132,-0.427586554740752,-0.183392735679483,-0.198266082053643,-0.784976952780317,-0.722807415254567,-0.729702055933537,-0.750740680293552,-0.754340033597865,-0.657249856476679,-0.693499213475198,-0.664879566652077,-0.648867563950665,-0.639522929200622,-0.690728034692921,-0.72212774059846,-0.732877220831483,-0.702227373985623,0.558115016618304,0.463846485527765,0.60979967439198,0.67709168922146,0.712191897650141,0.703266515788381,0.740492381949355,0.703270127505078,0.86430815864896,0.865884386192777,0.86495334973776,0.833462111059402,0.853818170151997,0.860407496722561,0.847890882813188,0.850740781714031,1]],"dat" :[[1.62348062635821,0.10094513299636,4.60468891835939,1.40508068387168,4.78962286109486,3.32064611711361,0.513028897911401,4.96143560270365,5.54051274086414,6.50776661539945,3.12387877284807,3.86163483432354,1.23977123199848,0.297091159620986,1.24418870505377,3.11395848747694,5.5163535787343,1.1770899879998,3.8869820170944,3.57272995274,2.25773195776491,5.20216421944328,5.7352258691889,2.86178195500175,2.88142262996791,4.20765507840352,-0.232597916221043,2.48797303158662,3.10646209326433,1.58889721608967,3.89224178959354,2.80732732884227,3.9122637637281,3.5259840919506,2.00780982874339,2.48800296223226,3.16488440467443,5.35033107886669,0.702039026703887,0.0986739559865084,5.71582382292444,1.36003834511611,5.37121166054902,4.0559203301298,3.46986776966558,3.82601102293051,4.58335473646027,2.27125610085657,4.55431323321241,4.37906949181352,0.482610586272907,2.28802008351717,5.2570884581404,2.66826706210785,3.26896978477868,1.78052106673516,1.95237629089642,1.61185661173431,7.49025016877316,3.98424888431908,3.75261007534413,3.14441041619818,1.13607440425209,1.92059526770642,3.70633164644351,-0.418207746604385,4.8468012932111,1.61648766048247,3.32684073845125,2.67950189356942,1.40538025825972,3.59922610999744,2.7974348224647,3.77544040696111,3.87017977238368,3.76648962949194,3.92884614214333,1.3733211370843,0.332788492517917,1.5046352970274,3.96112991949666,5.22975945067595,4.37818384935238,0.229201596379102,3.72102931583036,1.72858140893437,4.71506078833331,2.99433442098699,2.87679372141901,0.719731276120359,1.56200150023167,2.59992398912797,2.73456946396277,1.72096159262812,4.07826005927607,3.28281113837957,2.14525298634874,1.04824817219103,0.551433266703263,4.77790525006032,2.96388649496012,3.01726100971528,4.92623555009122,4.1640664387439,0.386137905079284,2.75546144382029,6.80960511919463,1.34925518974619,0.611960745177567,6.03816675792863,3.57177482392499,4.75540293751791,0.184883814661838,4.1135333914443,2.16393979420476,3.64680203101593,1.35950600212425,2.0475880661684,0.250290153628427,5.37166895517006,3.9690564911732,2.51276114664881,6.9896752459525,4.32307459607174,2.94096221909219,4.80338470194626,2.52364124900563,5.28090635171675,1.60126566034169,5.3599115187335,0.75966109661176,2.28367625356877,5.5334900947735,2.66591003646864,2.92496347600335,4.4558308212669,5.40225752115009,4.64753799389054,2.89350546569766,-0.228063533068346,3.14779532862857,1.74929066102849,5.45181745257049,4.3946513860894,2.70132987029452,2.61360503497252,0.168979715872252,6.13060940849365,4.02525503006057,2.92286172456614,4.31234043071864,6.47448152096665,3.16482885623464,2.67706646596426,2.77315286278285,1.89409640970169,5.48582615588704,3.30202694769023,3.90333801859274,2.18712603523939,1.97445388831042,3.38255175952224,1.94530681758253,0.981980257331718,2.99762485519036,1.78542745703693,4.17150779612098,2.5032052965468,2.15050652356919,2.49186931286924,4.39852344876764,1.22769553959134,2.70828701673025,4.18293734581074,0.28220380935374,2.186702598791,1.59487492853232,5.87432206976307,4.50866859730749,3.48495502241237,1.48469979446722,0.727226092605025,2.10969666100554,4.81752394582976,3.78861670314108,0.155338872136362,1.80092390488308,6.04736940494251,3.07713566654476,6.45324985286482,3.09070528171187,5.68680915269183,3.70390979512758,0.990658963616041,0.68722471436617,2.23325989120951,2.95709983804421,4.33326262710437,0.71651813012516,1.4371517998815],[0.811507805988821,1.40012406691363,5.41682609286199,4.23319539609277,2.98263007314127,4.35979564556697,1.08813521807959,3.02853528789469,5.92516771812748,5.82856133130756,5.1175081559542,4.30277688513725,2.747056933428,-1.1683159793279,2.0970672310394,2.33742856708459,5.71706679383441,2.67740276842196,4.05797783794018,5.3722018007961,4.80018051512477,5.35261126577308,3.91822529477446,2.53173027394886,3.08721222823997,3.33018476341703,0.430696916497915,2.3499084891085,5.46484127475066,1.58363947200758,3.62504436990951,3.387302193594,3.4991470423977,3.4220509567655,2.11756748968527,3.8002869266861,4.77891550675366,3.4773333001386,1.86817754279873,1.64019570399534,5.35496574665232,1.9870744611159,2.7564098246603,4.21531583362934,3.02016091286472,1.89948384024119,4.40080050065818,1.73931236397065,4.40041524445945,4.81025683278881,1.24568577530795,2.06779627587555,5.23719694392573,2.4228149095061,3.83464553635311,1.44031004745891,1.23593653069014,3.18202279050743,6.46163464833293,3.01483589291881,2.41312862734803,3.41136588975131,1.36025748497086,4.63420145306565,4.15681272566942,1.4613875982101,5.06765022490786,2.01201028133288,3.83157382077097,4.08536406266991,1.21940992896139,4.77869633860832,4.33180143638801,6.59771996996722,2.84339110570594,3.13477621456197,3.58368889016034,2.37745087134388,1.48095285909081,2.27499746624947,5.46295646314354,4.3635064997595,4.17241253604157,0.299402220596865,5.02456013487729,2.25907695950897,2.84180864154999,2.32982505903199,3.18829018267069,2.67440863121034,2.66954995076123,2.99647986007274,2.07724028824342,2.04395584345967,2.35197259907045,2.60108615573859,1.94435477007432,1.7161079691172,1.07886184228499,5.78570061554726,3.72930104416206,4.06922661545962,6.45354212072541,4.95508280611349,1.17454729515123,3.47365169518095,7.53074303475671,1.69505126521701,0.254677362162325,5.11808387498047,4.92941501064042,5.23329916410755,0.856268398931456,6.31966746197009,3.89759058870023,4.7255822000846,0.999173599736185,2.26093589556922,-0.0901644784725115,6.00776644537366,6.68332672211309,2.98567902581036,5.09103373096268,5.54042348301072,2.98633018286116,4.95721873658067,4.36223411291854,3.87888363509807,2.03938476007393,6.5400518355996,3.56014498352542,4.47844928488705,4.68110101387838,2.97834479035671,1.94919921655165,3.29381025292135,6.92566324961123,5.55051813111632,2.29967641304821,0.692240419524028,2.29862289662092,1.99803912447359,5.31540359190817,5.31897147626651,3.83757301691612,4.04297735054719,1.63597275672178,5.63265700421874,3.2606945005982,4.07313657902335,4.97343531244608,6.54144938563511,2.72099153711141,4.08514934443128,1.78301923891301,2.63030542200155,5.58754138761575,2.33249218952764,6.22465471204501,3.74353758717155,3.96829347681635,3.8586215964578,0.359810398024127,1.89865201330389,2.40058056436719,1.23261528234066,4.18013348593097,0.870667701275419,0.778132742662313,1.67682843190784,6.06675317373199,1.47350800626537,3.21745849101594,4.63199766140983,2.27671710123168,4.20575678273459,1.09606076772853,6.11053176168924,7.51147518803641,0.468709455965501,0.822669051857019,0.434934736332816,1.74524071730458,7.02068036721542,2.65176683213245,0.416278612397219,2.75591269946073,5.44242034016355,4.06856155037754,5.96098632599452,4.07835019292721,6.10528598757954,3.04214237105075,1.61747141610213,1.98032017470436,3.14748867054967,4.48782179549679,3.65459502163383,2.21763337123781,1.2299126255391],[1.23913346580288,1.91228758422303,5.38921096579273,4.20750008105728,1.2937726086439,3.15501120842029,0.577290640961267,2.13352933485898,4.52550331685601,6.69527914681245,4.51734365648165,2.63924103779283,1.10983456304933,0.299521561836373,0.728015751296554,1.55263789612394,4.21748121592183,2.21651950356745,3.80825562433537,3.38810984473415,4.28665406778706,5.19139422361585,4.15583086379959,0.486672846777676,4.30428753965382,3.99942735428137,1.52533801975108,0.935419022562495,5.99550751017055,3.34712210173003,1.90312278628019,2.14893172206482,2.81862975797288,3.13669167830748,1.42029638234455,4.09319742886577,1.33103085455563,1.6637351225785,0.408550190654486,1.74834300601787,5.36207313863869,2.84937654563657,4.72177830995275,3.44840443538562,3.47368933494411,1.47283904007907,3.85676931490591,2.74888295640791,3.20655002013096,3.21872879045651,-0.84873132791644,1.76096658945859,4.20476185124584,2.46431905701777,4.1706507116289,2.9388953019057,0.469317060571772,3.36818945498361,4.32419557140802,4.2193708454798,1.84099567054446,2.29481101231795,2.19509680714692,2.77178029566286,3.95732664549789,0.643043319852721,3.15638294376539,3.99612009027508,3.88715270957335,3.64519371439477,1.77223155436466,4.33187489213999,1.48632078073138,4.37303356591601,2.46208485442589,3.34659923682709,2.4663385198119,0.604633234106935,0.687971108264463,2.5688629020993,5.56313305911605,3.86867145174342,4.45165007736718,1.26235226901078,4.35124357765085,2.52916325200467,4.53064087872054,0.902472905448699,3.22146903268056,2.06128538904473,1.70314860728558,2.31923449122925,3.24475091661916,3.11411293631238,3.34796272781093,2.77319515074386,3.0758020582292,0.569119775625853,2.90291026395701,2.62020227287006,3.56420159911362,4.51346422532643,4.79509574918696,3.89614777316661,1.26912621670785,1.59554136011717,4.87610375532851,1.65234966325645,1.54944709433913,3.85567999262275,3.95965492922904,4.97732285161387,1.88486007719388,4.40816664375495,3.35689691560972,3.12943307413826,1.64126277874154,1.28350158302158,0.675682655589375,5.71038350085915,3.60184606453742,0.904461706128472,5.60284048363595,2.35683725846569,2.24786923707384,2.77248912075599,2.2101858474091,4.37849707891879,1.23250066215188,3.63110707668698,0.69380815166639,3.67901815709602,3.91305661